0 50
0.0 0.25036395 5.7593503 0.0 1.125744 10.936786 8.1e-3 9.268e-3 0.0 6.3886e-2 YES
0.0 0.25143123 5.39719 0.0 1.2574799 10.576215 5.8e-3 9.31e-3 1.811565 5.2612003e-2 YES
0.0 0.2518713 6.1869 0.0 0.5988 10.629241 1.1999999e-3 1.1333e-2 0.0 4.5096e-2 YES
0.0 0.24994852 7.2582903 0.0 0.5988 11.009505 1.0e-3 8.064e-3 0.0 1.5032e-2 YES
0.0 0.24928515 6.9011602 0.0 0.335328 11.279175 0.0 7.6929997e-3 0.0 0.0 YES
0.0 0.25067428 5.64869 0.0 0.461076 11.091315 0.0 1.0276e-2 0.0 0.0 YES
0.0 0.25079742 5.5430603 0.0 0.44910002 11.07162 0.0 1.0472e-2 0.0 0.0 YES
0.0 0.25085983 6.3579206 0.0 0.401196 10.91103 5.9999997e-4 1.0079999e-2 0.0 0.0 YES
0.0 0.24961683 7.03194 1.005345 0.976044 10.87164 3.8999997e-3 7.392e-3 0.0 3.3822004e-2 YES
0.0 0.24987462 6.91625 0.752147 0.814368 10.936786 3.3e-3 7.798e-3 0.0 0.0 YES
0.0 0.25059217 6.8911004 0.0 0.814368 10.79286 1.8999999e-3 9.407999e-3 0.0 1.8790001e-2 YES
0.0 0.24953309 6.3579206 0.0 0.98802 11.173125 3.7999998e-3 8.071e-3 0.0 0.0 NO
0.0 0.24903555 6.4685802 0.0 1.095804 11.19282 9.7e-3 7.119e-3 0.0 0.0 NO
0.0 0.24957414 6.6748104 0.0 1.053888 11.064045 4.7e-3 7.924e-3 0.0 0.0 NO
0.0 0.25018987 6.76032 0.0 0.94610405 10.94133 3.2e-3 8.567999e-3 0.0 0.0 NO
0.0 0.24846086 6.5490603 0.0 1.820352 10.677721 6.21e-2 4.872e-3 0.0 0.0 NO
0.0 0.24846908 6.5390005 0.0 1.808376 10.71105 6.21e-2 4.851e-3 0.0 0.0 NO
0.0 0.24965459 6.73014 0.0 0.83832 10.945875 3.3e-3 8.75e-3 0.0 0.0 NO
0.0 0.24967924 6.4635506 1.198967 1.299396 10.93527 7.5999997e-3 6.7899995e-3 0.138024 9.5829e-2 NO
0.0 0.24977939 6.5239105 0.24575101 0.904188 11.118585 1.2999999e-3 7.889e-3 0.0 5.2612003e-2 NO
0.0 0.24843295 7.2432003 1.295778 0.922152 11.294326 0.0 5.3129997e-3 0.0 0.0 NO
0.0 0.2494001 7.5399704 0.580866 1.041912 10.98375 0.0 6.9649997e-3 0.0 0.0 NO
0.0 0.24944606 7.11745 0.0 1.2514919 11.02011 0.0 7.616e-3 0.0 0.0 NO
0.0 0.24953309 7.3236804 0.0 0.335328 11.13222 0.0 7.854e-3 0.0 0.0 NO
0.0 0.24813081 8.74214 0.0 0.203592 11.424616 0.0 4.655e-3 0.0 0.0 NO
0.0 0.2501833 7.9423704 1.3628011 0.78442794 10.670145 3.0999999e-3 6.0269996e-3 0.966168 0.0 NO
0.0 0.24894853 6.9816403 1.325566 1.071852 11.07465 0.0 6.069e-3 0.437076 0.0 NO
0.0 0.24893048 7.4695506 0.0 1.4251441 11.10192 0.0 6.132e-3 0.368064 1.6911002e-2 NO
0.0 0.24896495 7.1426 0.0 1.670652 11.12919 4.0e-4 6.3279998e-3 0.23004 1.6911002e-2 NO
0.0 0.24912259 7.4192505 0.0 1.1976 11.06253 0.0 5.9709996e-3 0.91440904 1.5032e-2 NO
0.0 0.24906348 7.3236804 0.0 1.185624 11.1034355 0.0 5.9640002e-3 0.902907 1.3153001e-2 NO
0.0 0.24883687 7.1124206 0.0 1.604784 11.118585 8.0e-4 6.3489997e-3 0.350811 9.3950005e-3 NO
0.0 0.24885495 6.97661 0.0 1.520952 11.094346 1.4e-3 6.5869996e-3 0.465831 1.879e-3 NO
0.0 0.24913572 7.3941 0.0 1.401192 11.10192 0.0 6.2649995e-3 0.379566 0.0 NO
0.0 0.2488139 7.2331405 0.0 1.592808 11.07465 4.0e-4 6.3559995e-3 0.368064 0.0 NO
0.0 0.24894197 7.55003 0.0 1.502988 11.067076 5.0e-4 6.181e-3 0.30480298 0.0 NO
0.0 0.24877612 7.62045 0.0 1.3473 11.13525 0.0 5.8379997e-3 0.362313 0.0 NO
0.0 0.24901423 6.01085 0.0 0.71257204 11.3897705 2.7e-2 6.251e-3 0.0 0.0 NO
0.0 0.24878599 7.4695506 0.0 1.4490961 11.16858 0.0 5.8730002e-3 0.322056 0.0 NO
0.0 0.24902242 7.4444003 0.0 1.191612 11.076165 0.0 5.7959994e-3 0.983421 0.0 NO
0.0 0.2489551 7.5198503 0.0 1.3592759 11.104951 0.0 6.0969996e-3 0.38531703 0.0 NO
0.0 0.24914394 7.5198503 0.0 1.07784 11.057984 0.0 6.0269996e-3 0.891405 0.0 NO
0.0 0.24900109 7.51482 0.0 1.119756 11.076165 0.0 6.069e-3 0.793638 0.0 NO
0.0 0.24930649 7.2381706 0.0 1.0898161 11.03829 1.4099999e-2 4.529e-3 1.656288 0.0 NO
0.0 0.24899286 7.2281103 0.0 1.640712 11.036775 0.0 6.615e-3 0.31055403 0.0 NO
0.0 0.24896495 7.1124206 0.0 1.724544 11.000415 8.0e-4 6.426e-3 0.60960597 0.0 NO
0.0 0.24906676 7.5047603 0.0 1.191612 11.06859 0.0 5.8799996e-3 0.91440904 0.0 NO
0.0 0.24969073 7.22308 0.0 1.209576 11.12313 0.0 5.9079994e-3 0.943164 0.0 NO
0.0 0.24901094 7.2331405 0.0 1.161672 11.151916 0.0 5.9359996e-3 0.902907 0.0 NO
0.0 0.24910945 7.15769 0.0 1.2455039 11.11404 0.0 6.034e-3 0.960417 0.0 NO
1 164
0.0 0.24974984 6.8609204 3.3437028 0.65868 10.87467 5.9999997e-4 6.125e-3 0.0 0.0 YES
0.0 0.24919154 6.9866705 2.68092 0.814368 11.018596 4.7999998e-3 5.4809996e-3 0.0 0.0 YES
0.0 0.24895675 6.80559 2.643685 0.922152 11.057984 3.8999997e-3 5.446e-3 0.0 0.0 YES
0.0 0.24919976 6.6446304 2.7479432 0.772452 11.000415 5.6999996e-3 5.754e-3 0.0 0.0 YES
0.0 0.24916036 6.6748104 2.695814 0.742512 11.07162 5.5e-3 5.6489995e-3 0.0 0.0 YES
0.0 0.24892062 6.43337 2.688367 0.970056 11.0549555 6.4e-3 5.6489995e-3 0.0 4.8854e-2 YES
0.0 0.24916199 6.6899004 2.68092 0.68263197 11.073134 5.8e-3 5.719e-3 0.0 0.0 YES
0.0 0.24918334 6.61445 2.688367 0.62873995 11.09586 5.6999996e-3 5.7679997e-3 0.0 0.0 YES
0.0 0.24944936 7.0621204 2.6660259 0.820356 10.92012 5.6e-3 5.81e-3 0.0 0.0 YES
0.0 0.2491817 6.5390005 2.68092 0.814368 11.057984 5.6999996e-3 5.8799996e-3 0.0 2.0669e-2 YES
0.0 0.24887957 6.3981605 2.576662 0.934128 11.0898 6.7e-3 5.663e-3 0.0 4.5096e-2 YES
0.0 0.24919483 6.4384003 2.7256021 0.760476 11.061015 6.0e-3 5.992e-3 0.0 0.0 YES
0.0 0.24890913 6.4786406 2.554321 0.83832 11.10192 6.9e-3 5.635e-3 0.0 4.5096e-2 YES
0.0 0.24917021 6.4685802 2.651132 0.760476 11.091315 5.4e-3 5.866e-3 0.0 3.1943e-2 YES
0.0 0.24919483 6.34283 2.673473 0.78442794 11.1034355 5.8e-3 5.9499997e-3 0.0 0.0 YES
0.0 0.24919154 6.4434304 2.636238 0.73652405 11.09586 5.8e-3 5.8730002e-3 0.0 0.0 YES
0.0 0.24922933 6.3780403 2.7330492 0.694608 11.076165 6.1e-3 6.09e-3 0.0 0.0 YES
0.0 0.24990582 7.22308 2.867095 0.532932 10.81104 1.5e-3 6.4049996e-3 0.0 0.0 YES
0.0 0.24943784 6.9917 2.7777312 0.706584 10.926181 5.9999997e-4 6.223e-3 0.0 0.0 YES
0.0 0.24914885 6.5490603 2.636238 1.0119721 11.018596 5.4e-3 5.9079994e-3 0.0 1.3153001e-2 YES
0.0 0.24917349 6.44846 2.643685 0.89221203 11.0216255 5.4e-3 5.9640002e-3 0.0 3.5701e-2 YES
0.0 0.24952815 7.4293103 2.792625 0.173652 10.91103 2.9999999e-4 6.2999995e-3 0.0 0.0 YES
0.0 0.2491505 6.42834 2.695814 0.772452 11.027685 5.8999998e-3 6.09e-3 0.0 0.0 YES
0.0 0.24917515 6.4434304 2.658579 0.80838 11.06253 6.1999997e-3 6.013e-3 0.0 0.0 YES
0.0 0.24912423 6.73014 2.60645 0.68862 11.036775 5.0e-3 5.901e-3 0.0 0.0 YES
0.0 0.24919647 6.52894 2.636238 0.72454804 11.0595 6.4999997e-3 5.9709996e-3 0.0 0.0 YES
0.0 0.2492441 6.6446304 2.591556 0.84430796 11.00496 5.8999998e-3 5.901e-3 0.0 0.0 YES
0.0 0.24912587 6.4736104 2.591556 0.796404 11.06556 5.6e-3 5.901e-3 0.0 0.0 YES
0.0 0.24920306 6.3176804 2.621344 0.85628396 11.082226 5.6999996e-3 5.978e-3 0.0 0.0 YES
0.0 0.24922933 6.5792403 2.599003 0.766464 11.03829 6.0e-3 5.943e-3 0.0 0.0 YES
0.0 0.24920306 6.36295 2.651132 0.77844 11.07162 6.1e-3 6.0829995e-3 0.0 2.6306001e-2 YES
0.0 0.24916856 6.4585204 2.60645 0.68263197 11.100405 5.6e-3 5.9849997e-3 0.0 0.0 YES
0.0 0.24921454 6.4635506 2.591556 0.73652405 11.0549555 6.1e-3 5.992e-3 5.1759e-2 4.1338e-2 YES
0.0 0.24917841 6.32271 2.584109 0.826344 11.118585 6.0e-3 5.9849997e-3 0.0 1.1274e-2 YES
0.0 0.24922767 6.38307 2.636238 0.802392 11.051925 5.6999996e-3 6.125e-3 0.0 0.0 YES
0.0 0.248873 6.6848702 2.569215 0.72454804 11.02011 5.6e-3 5.9989993e-3 0.0 0.0 YES
0.0 0.24943458 6.9866705 2.628791 0.79041606 10.879214 5.0999997e-3 6.1459998e-3 6.3261e-2 0.0 YES
0.0 0.24925065 6.4082203 2.591556 0.80838 11.05344 6.4e-3 6.076e-3 0.0 0.0 YES
0.0 0.24993373 7.14763 2.844754 0.281436 10.873155 1.1e-3 6.6989996e-3 0.0 0.0 YES
0.0 0.24993373 7.14763 2.844754 0.281436 10.873155 1.1e-3 6.6989996e-3 0.0 0.0 YES
0.0 0.2492441 6.43337 2.60645 0.670656 11.064045 6.4e-3 6.139e-3 0.0 0.0 YES
0.0 0.2491817 6.3931303 2.546874 0.71856004 11.0898 5.8999998e-3 6.048e-3 0.0 0.0 YES
0.0 0.2492211 6.6446304 2.524533 0.796404 11.023141 5.8999998e-3 6.013e-3 0.0 0.0 YES
0.0 0.2499288 6.90619 2.859648 0.431136 10.87164 1.7e-3 6.8179998e-3 0.0 0.0 YES
0.0 0.2492326 6.40319 2.554321 0.71257204 11.051925 6.1999997e-3 6.132e-3 0.0 5.6370005e-2 YES
0.0 0.2494198 6.78547 2.591556 0.80838 10.900425 5.5e-3 6.2999995e-3 0.0 0.0 YES
0.0 0.24936889 6.63457 2.509639 0.706584 11.01708 5.6999996e-3 6.181e-3 0.0 3.0064e-2 YES
0.0 0.2506792 7.03697 2.7553902 0.42514798 10.842855 2.0e-4 6.8739997e-3 0.0 1.8790001e-2 YES
0.0 0.24995016 6.6446304 2.807519 0.47305202 10.906485 1.2999999e-3 7.014e-3 0.0 0.0 YES
0.0 0.24941652 6.8307405 2.494745 0.73652405 10.92012 5.8999998e-3 6.2369998e-3 0.0 0.0 YES
0.0 0.25010943 6.9011602 2.7702842 0.305388 10.870125 9.0000004e-4 7.042e-3 0.0 3.0064e-2 YES
0.0 0.24946249 6.6396003 2.479851 0.766464 10.962541 6.0e-3 6.398e-3 0.0 2.0669e-2 YES
0.0 0.24926873 6.7552905 2.137289 0.71257204 11.035259 5.5e-3 6.3209995e-3 0.0 0.0 YES
0.0 0.24931635 6.6094203 2.114948 0.766464 11.036775 5.5e-3 6.3489997e-3 0.0 0.0 YES
0.0 0.24921946 6.6446304 2.092607 0.772452 11.056471 5.0999997e-3 6.314e-3 0.0 1.6911002e-2 YES
0.0 0.24920468 6.26235 2.018137 0.772452 11.165549 5.6e-3 6.342e-3 0.0 4.5096e-2 YES
0.0 0.24829502 6.5339704 2.584109 0.670656 11.056471 6.1999997e-3 5.845e-3 0.0 5.8249004e-2 YES
0.0 0.249295 6.4736104 2.591556 0.772452 11.051925 6.0e-3 5.901e-3 0.0 0.0 YES
0.0 0.24918005 6.78044 2.785178 0.700596 11.057984 5.8999998e-3 5.6209997e-3 0.0 0.0 YES
0.0 0.24918005 6.7351704 2.7256021 0.71257204 11.027685 5.6999996e-3 5.789e-3 0.0 2.0669e-2 YES
0.0 0.249428 6.8408003 2.695814 0.664668 11.00496 1.4e-3 6.132e-3 0.0 0.0 YES
0.0 0.24954623 6.9464307 2.6660259 0.79041606 10.865581 1.1999999e-3 6.069e-3 0.396819 0.0 YES
0.0 0.24986643 6.7955303 2.874542 0.526944 10.876185 2.3e-3 6.6779996e-3 0.0 2.0669e-2 YES
0.0 0.24995671 7.1275105 2.837307 0.467064 10.809525 0.0 6.7829993e-3 0.0 0.0 YES
0.0 0.24986643 6.78044 2.785178 0.53892 10.909515 1.8000001e-3 6.7269993e-3 0.0 1.3153001e-2 YES
0.0 0.24974655 6.8860703 2.673473 0.670656 10.90194 9.0000004e-4 6.5799993e-3 0.0 0.0 YES
0.0 0.24983358 6.5641503 2.7181551 0.520956 10.94133 1.8999999e-3 6.895e-3 0.0 3.1943e-2 YES
0.0 0.24983358 6.5641503 2.7181551 0.520956 10.95648 1.8999999e-3 6.895e-3 0.0 3.1943e-2 YES
0.0 0.24983358 6.59936 2.6660259 0.53892 10.938299 2.3e-3 6.8739997e-3 0.0 3.0064e-2 YES
0.0 0.2500766 6.6949306 2.6660259 0.491016 10.906485 1.1999999e-3 7.119e-3 0.0 5.637e-3 YES
0.0 0.2488845 7.4745803 2.7330492 1.041912 10.888306 1.6e-3 5.152e-3 0.0 2.2548e-2 YES
0.0 0.2493344 6.8609204 2.881989 0.760476 10.90194 5.4e-3 5.8239996e-3 0.0 6.0128e-2 YES
0.0 0.2489157 6.5842705 2.673473 0.910176 11.07465 6.7e-3 5.4809996e-3 0.0 0.0 YES
0.0 0.2489781 6.7100205 2.658579 0.94011605 11.039805 6.1e-3 5.523e-3 0.0 0.0 YES
0.0 0.24892062 6.5490603 2.651132 0.922152 11.076165 7.2000003e-3 5.5299997e-3 0.0 0.0 YES
0.0 0.24891077 6.5490603 2.6660259 0.904188 11.077681 6.9e-3 5.572e-3 0.0 0.0 YES
0.0 0.24900109 6.76032 2.688367 0.922152 10.967085 6.6e-3 5.6209997e-3 0.0 0.0 YES
0.0 0.24897154 6.5390005 2.6660259 0.922152 11.033746 6.1e-3 5.6279995e-3 0.0 0.0 YES
0.0 0.24894853 7.0017605 2.621344 0.7485 11.04132 3.7e-3 5.558e-3 0.0 2.6306001e-2 YES
0.0 0.24891077 6.44846 2.621344 1.13772 11.03829 6.9e-3 5.579e-3 0.0 0.0 YES
0.0 0.24891406 6.4685802 2.621344 1.2694559 11.007991 6.9e-3 5.579e-3 0.0 0.0 YES
0.0 0.2489157 6.66475 2.569215 0.85628396 11.085255 6.1e-3 5.502e-3 0.0 0.0 YES
0.0 0.24900271 6.74523 2.643685 0.7485 11.030715 6.8e-3 5.67e-3 0.0 0.0 YES
0.0 0.24891733 6.5842705 2.621344 0.92814 11.039805 6.8e-3 5.635e-3 0.0 1.6911002e-2 YES
0.0 0.24861355 7.1677504 2.301123 1.2455039 10.95042 1.1e-2 4.9559996e-3 0.0 0.0 YES
0.0 0.24896824 6.72008 2.6660259 0.89221203 11.01708 4.5e-3 5.7469998e-3 0.0 0.0 YES
0.0 0.24887629 6.65972 2.599003 0.880236 11.097375 3.7999998e-3 5.6209997e-3 0.0 0.0 YES
0.0 0.24900109 6.7402 2.599003 0.910176 11.006475 6.7e-3 5.6559998e-3 0.0 1.8790001e-2 YES
0.0 0.24895675 6.54403 2.60645 0.88622403 11.042835 6.0e-3 5.6839995e-3 0.0 0.0 YES
0.0 0.24899286 6.31265 2.591556 1.119756 11.094346 6.3e-3 5.6559998e-3 0.0 1.6911002e-2 YES
0.0 0.2493229 6.5037904 2.785178 0.664668 10.95042 6.4e-3 6.272e-3 0.0 4.1338e-2 YES
0.0 0.2489354 6.4887 2.561768 0.86826 11.06859 4.4e-3 5.789e-3 0.0 0.0 YES
0.0 0.24890748 6.59936 2.539427 0.94610405 11.09889 7.0e-4 5.8730002e-3 0.0 3.5701e-2 YES
0.0 0.24891077 6.65972 2.487298 0.880236 11.07465 3.8999997e-3 5.754e-3 0.0 0.0 YES
0.0 0.2489748 6.3931303 2.479851 0.89221203 11.10192 6.7e-3 5.7679997e-3 0.0 0.0 YES
0.0 0.24935411 6.72008 2.554321 0.85628396 10.947391 5.0999997e-3 6.02e-3 0.0 0.0 YES
0.0 0.2493229 6.5490603 2.695814 0.63472795 10.95951 6.4e-3 6.391e-3 0.0 2.8185003e-2 YES
0.0 0.24916199 6.1366 2.420275 0.694608 11.142825 6.1999997e-3 6.2299995e-3 0.0 4.5096e-2 YES
0.0 0.24907334 6.37301 2.144736 1.0239481 11.091315 7.3e-3 5.978e-3 0.0 0.0 YES
0.0 0.24927366 6.5188804 2.204312 0.85628396 11.0473795 6.0e-3 6.1529996e-3 8.0514e-2 0.0 YES
0.0 0.24901749 6.4132504 2.122395 0.862272 11.100405 5.6999996e-3 6.1529996e-3 6.3261e-2 4.1338e-2 YES
0.0 0.24914065 6.2120504 2.025584 0.976044 11.039805 6.9999998e-3 6.4609996e-3 0.0 0.0 YES
0.0 0.24928844 6.3478603 2.055372 0.497004 11.182215 3.4999999e-3 6.594e-3 0.0 3.7580002e-2 YES
0.0 0.25077444 6.9414005 2.3458052 0.39520803 10.691355 8.0e-4 8.148e-3 0.0 0.0 YES
0.0 0.2502572 6.95649 2.15963 0.700596 10.779225 8.0e-4 7.5529995e-3 0.0 0.0 YES
0.0 0.24940665 6.7703805 2.852201 0.754488 10.991325 5.6999996e-3 5.7469998e-3 0.0 2.6306001e-2 YES
0.0 0.24933277 6.5893006 2.956459 0.71257204 10.974661 6.0e-3 5.901e-3 0.0 0.0 YES
0.0 0.24933113 6.74523 2.8968832 0.796404 10.9655695 5.0999997e-3 5.7959994e-3 0.0 0.0 YES
0.0 0.24930322 6.65972 2.90433 0.84430796 10.957995 5.5e-3 5.8170003e-3 0.0 1.8790001e-2 YES
0.0 0.24910451 6.9011602 2.7404962 1.083828 10.917089 6.4e-3 5.516e-3 0.0 0.0 YES
0.0 0.24904704 6.6899004 2.7107081 0.916164 10.988295 6.4999997e-3 5.6209997e-3 0.0 5.4491002e-2 YES
0.0 0.24901257 6.8206806 2.658579 0.880236 10.976174 6.4e-3 5.572e-3 0.0 0.0 YES
0.0 0.24932784 6.66475 2.800072 0.79041606 10.9686 5.8e-3 5.8939997e-3 0.0 0.0 YES
0.0 0.24903065 6.5037904 2.636238 0.970056 11.05344 6.4e-3 5.6209997e-3 0.0 3.9459e-2 YES
0.0 0.24907005 6.6546903 2.636238 0.88622403 11.035259 5.6e-3 5.67e-3 0.0 0.0 YES
0.0 0.24910289 6.78044 2.591556 1.0239481 10.986779 6.1999997e-3 5.5929995e-3 0.0 0.0 YES
0.0 0.24987462 6.6396003 2.7404962 0.68862 11.0216255 5.4e-3 5.9640002e-3 0.0 0.0 YES
0.0 0.24937382 6.5037904 2.7256021 0.934128 10.985266 5.8e-3 5.9849997e-3 0.0 2.2548e-2 YES
0.0 0.2490372 6.50882 2.688367 0.754488 11.0216255 5.6e-3 6.02e-3 0.0 0.0 YES
0.0 0.249717 6.93134 1.697916 0.85628396 10.906485 4.9e-3 6.895e-3 0.0 3.1943e-2 YES
0.0 0.24969564 6.8156505 1.556423 0.999996 10.93527 5.2999994e-3 6.6989996e-3 0.15527701 3.1943e-2 YES
0.0 0.24927692 6.7552905 2.963906 0.706584 10.982235 5.8e-3 5.7049994e-3 0.0 0.0 YES
0.0 0.2492556 6.89613 2.926671 0.922152 10.879214 5.4e-3 5.7469998e-3 0.0 2.8185003e-2 YES
0.0 0.24927366 6.7049904 2.867095 0.7485 11.02617 5.1999995e-3 5.6839995e-3 0.0 0.0 YES
0.0 0.24923752 6.63457 2.90433 0.77844 10.957995 5.5e-3 5.9079994e-3 0.0 5.2612003e-2 YES
0.0 0.24926543 6.5390005 2.82986 0.646704 11.070105 5.6e-3 5.866e-3 0.0 2.2548e-2 YES
0.0 0.24910945 6.48367 2.695814 0.94011605 11.05344 6.1e-3 5.6769997e-3 0.0 0.0 YES
0.0 0.2490487 6.43337 2.621344 0.922152 11.11404 6.6e-3 5.5299997e-3 0.0 0.0 YES
0.0 0.2490487 6.4736104 2.651132 0.982032 11.08071 6.4999997e-3 5.5929995e-3 0.0 0.0 YES
0.0 0.24907497 6.7049904 2.636238 0.964068 10.98981 6.8e-3 5.6769997e-3 0.0 0.0 YES
0.0 0.24933933 6.6396003 2.7032611 0.640716 11.033746 5.6999996e-3 5.887e-3 5.1759e-2 3.1943e-2 YES
0.0 0.249029 6.4635506 2.613897 0.862272 11.061015 6.8e-3 5.7609994e-3 3.4506e-2 4.6975e-2 YES
0.0 0.24910617 6.5390005 2.584109 1.071852 11.01708 6.6e-3 5.726e-3 0.0 0.0 YES
0.0 0.24902572 6.5339704 2.3681462 0.73652405 11.0549555 5.8e-3 6.167e-3 0.0 4.5096e-2 YES
0.0 0.24931964 6.4635506 2.7330492 0.742512 10.994355 6.1999997e-3 6.076e-3 0.0 6.5765e-2 YES
0.0 0.24920468 6.86595 2.7256021 0.664668 11.024654 1.1e-3 6.02e-3 0.0 0.0 YES
0.0 0.24894361 6.7049904 2.628791 0.802392 11.009505 5.6e-3 5.831e-3 0.0 0.0 YES
0.0 0.24904214 6.65972 2.658579 0.826344 11.01405 5.6e-3 5.9079994e-3 0.0 1.8790001e-2 YES
0.0 0.2489978 6.1164804 2.621344 0.80838 11.042835 5.6999996e-3 5.9709996e-3 0.0 0.0 YES
0.0 0.24903391 6.6094203 2.569215 1.053888 10.9807205 6.0e-3 5.866e-3 0.0 3.1943e-2 YES
0.0 0.24979253 7.20296 2.90433 0.497004 10.83225 0.0 6.6429996e-3 0.0 0.0 YES
0.0 0.2492211 6.8609204 2.7181551 0.38922 11.0595 5.9999997e-4 6.251e-3 0.0 0.0 YES
0.0 0.24894361 6.7502604 2.53198 0.73053604 11.012535 5.8999998e-3 5.8239996e-3 0.0 0.0 YES
0.0 0.24908154 6.4685802 2.6660259 0.78442794 11.000415 6.1e-3 6.1529996e-3 0.0 0.0 YES
0.0 0.24900271 6.55912 2.53198 0.754488 11.061015 5.1999995e-3 6.0059996e-3 0.0 0.0 YES
0.0 0.24901749 6.74523 2.524533 0.766464 11.00496 5.1999995e-3 6.0549993e-3 0.0 0.0 YES
0.0 0.24978267 7.0570903 2.800072 0.347304 10.876185 1.1e-3 6.7549995e-3 0.0 0.0 YES
0.0 0.24921618 6.80559 2.539427 0.910176 10.914061 5.8e-3 6.1529996e-3 0.0 0.0 YES
0.0 0.24924901 6.7905 2.502192 0.976044 10.8989105 5.6999996e-3 6.167e-3 0.0 1.6911002e-2 YES
0.0 0.24930812 6.7049904 2.487298 0.922152 10.92921 5.6e-3 6.2929997e-3 0.0 0.0 YES
0.0 0.24947563 6.8609204 2.636238 0.44910002 11.006475 1.6e-3 6.223e-3 8.6265005e-2 4.5096e-2 YES
0.0 0.24993046 7.13757 2.814966 0.54490805 10.81104 2.3e-3 6.398e-3 0.0 6.952301e-2 YES
0.0 0.24878599 7.0470304 1.9957961 2.0958 10.588335 1.68e-2 4.109e-3 1.26522 0.0 NO
0.0 0.24944443 6.40319 1.3776951 1.113768 11.012535 6.0e-3 7.063e-3 0.0 0.0 NO
0.0 0.24986477 5.8146806 1.400036 0.934128 11.03829 4.7e-3 7.987e-3 0.0 0.0 NO
0.0 0.24983193 5.54809 1.273437 0.934128 11.126161 5.8e-3 8.134e-3 0.0 0.0 NO
0.0 0.249428 7.0420003 1.7798331 0.934128 10.964055 0.0 6.6989996e-3 0.0 0.0 NO
0.0 0.24948053 6.9363704 1.7947271 0.71257204 11.023141 0.0 6.839e-3 0.0 0.0 NO
0.0 0.24930322 7.2733803 1.668128 0.970056 10.9655695 0.0 6.482e-3 0.0 0.0 NO
0.0 0.24934097 7.0872703 1.6308931 0.994008 11.009505 0.0 6.5239994e-3 0.0 0.0 NO
0.0 0.24815708 6.8860703 2.3830402 1.083828 11.030715 1.76e-2 3.8009998e-3 0.684369 0.0 NO
0.0 0.24931799 7.20296 2.427722 1.329336 10.794375 1.46e-2 4.053e-3 0.937413 0.0 NO
0.0 0.2501012 6.76032 2.487298 0.73652405 10.9655695 6.0e-3 6.181e-3 0.0 0.0 NO
0.0 0.24998957 7.4745803 1.6383401 1.233528 10.64439 7.5999997e-3 6.832e-3 0.0 0.0 NO
